ε 1.51363
Α -1.39872
ν 1.37074
 -5.0876
ξ -1.01006
κ 1.08619
 -0.502629
ι 1.64103
  0.205708
 0.589157
 0.973861
ή -0.0124225
ο 1.36287
 0.921217
δ 0.315081
 -1.53225
 -4.39445
σ 0.926119
 0.22561
 -1.56124
υ 0.632715
 -2.52265
ί 0.629431
 -5.0876
λ 0.296899
Ο -1.28093
ά 0.0482021
 1.12901
τ 1.48608
 0.264262
Ω -4.39445
 0.503391
 -5.0876
 -1.47668
 0.732487
 0.24028
α 1.9317
 0.825907
η 0.855203
Ρ -0.928713
ς 0.744286
 -0.81093
 0.525532
Γ -3.98898
μ 0.547193
 -2.6897
 -0.928713
 -1.1173
  0.521875
  0.507115
 -0.433636
  -0.824916
Μ -3.7013
  0.629431
 -1.65361
 0.0183491
 -5.0876
θ 0.0243915
π 0.831298
 -0.110863
 -1.75539
 -1.42403
 -0.0250013
 0.521875
ρ 0.815037
 -0.512885
 -0.160343
 -4.39445
 -0.212399
 -5.0876
Ξ -5.0876
 -0.316912
ϊ -5.0876
 -0.756863
Η -1.9521
 -0.668756
  -0.334006
ύ -0.770108
 1.35971
 -0.360209
Χ -5.0876
  -0.576737
γ -0.378066
 -2.6897
ό -0.110863
 -0.443205
χ -0.482426
 -0.145954
  -0.576737
Λ -5.0876
  -0.621688
 0.699301
 -0.644945
 -0.65678
ώ -0.718148
 0.409572
 -0.783531
ζ -1.79176
 -0.797137
ω 0.154151
  -1.34993
 -1.04455
 -1.06224
 -1.13635
 -1.17557
 -1.19578
φ -1.2164
 -1.28093
έ 0.159428
 -0.378066
Κ -1.3264
β -1.47668
 -1.3264
 -1.53225
 0.405465
 -1.56124
  -1.62186
 -1.8295
Θ -1.65361
  -1.65361
  -1.79176
 -1.90954
 -2.04307
Ε -2.04307
  -2.25438
 -5.0876
 -5.0876
 -2.52265
 -2.60269
 -2.60269
Δ -2.60269
 -2.89037
 -2.6897
Ι -2.6897
 -2.89037
ψ -2.89037
 -2.89037
  -3.00815
' -3.29584
 -3.29584
 -3.29584
 -3.29584
 -3.29584
Σ -3.47816
 -3.98898
Ν -3.47816
 -3.47816
Τ -3.47816
 -3.7013
Υ -3.47816
 -3.47816
  -5.0876
 -3.98898
 -3.7013
 -3.98898
Π -3.98898
  -3.98898
 -4.39445
 -4.39445
 -5.0876
 -5.0876
Β -inf
