 -1.63803
 -3.8453
 -2.67366
 -2.49369
 -3.67825
 -2.74669
 -4.04597
 -4.37139
 -2.40374
 -4.99043
 -3.04452
 -2.9851
 -2.76196
 -4.45144
 -0.762557
 -4.73912
 -2.71684
 -4.8569
 -2.0385
 -4.8569
 -4.53845
 -3.40998
 -4.99043
 -4.99043
 -4.22829
 -3.22277
 -4.99043
 -3.94061
 -3.12968
 -4.99043
 -2.70224
 -2.55432
 -3.02432
 -2.85881
 -3.1077
 -2.74669
 -4.8569
 -3.04452
 -4.22829
 -3.40998
 -3.32542
 -4.53845
 -2.76196
 -2.20895
 -4.63376
 -2.79321
 -1.9947
 -2.80921
 -3.64051
 -3.89182
 -4.04597
 -2.82547
 -2.61885
 -4.45144
 -3.27278
 -2.64588
 -4.16375
 -3.17514
 -4.73912
 -4.99043
 -5.14458
 -4.63376
 -2.89329
 -3.04452
 -3.64051
 -2.94736
 -4.22829
 -3.67825
 -4.63376
 -3.53515
 -4.99043
 -2.9851
 -4.63376
 -4.73912
 -3.06514
 -3.50236
 -3.9919
 -4.29729
 -2.21784
 -3.89182
 -4.45144
 -2.05354
  -3.15215
 -2.57963
 -3.17514
 -3.17514
 -3.17514
 -2.49369
 -4.45144
 -3.29876
 -3.19867
 -3.53515
 -2.29195
 -2.8759
 -4.04597
 -3.47061
 -3.22277
 -2.76196
 -3.22277
 -3.64051
 -4.73912
 -3.50236
 -2.00909
 -3.40998
 -4.63376
 -3.43984
 -4.99043
 -3.56905
 -4.63376
 -4.73912
 -3.47061
 -3.50236
 -4.45144
 -3.53515
 -4.53845
 0.36413
 -5.14458
 -1.81835
 -4.22829
 -3.67825
 -4.8569
 -3.71747
 -3.71747
 -3.19867
 -4.53845
 -3.80085
 -4.53845
 -4.53845
 -3.53515
 -4.73912
 -4.22829
 -2.96605
 -4.73912
 -3.80085
 -3.80085
 -3.8453
 -2.89329
 -3.8453
 -3.04452
 -4.73912
 -3.8453
 -4.8569
 -3.89182
 -4.99043
 -3.89182
 -3.9919
 -4.99043
 -3.94061
 -4.53845
 -3.94061
 -3.80085
 -4.22829
 -3.94061
 -2.5175
 -4.45144
 -3.94061
 -3.89182
 -3.9919
 -4.10313
 -3.9919
 -4.99043
 -4.45144
 -3.35282
 -2.09216
 -3.9919
 -4.10313
 -3.80085
 -4.99043
 -4.04597
 -4.04597
 -4.63376
 -5.14458
 -2.842
 -4.53845
 -2.63228
 -4.10313
 -3.80085
 -4.10313
 -2.37199
 -3.64051
  -4.10313
 -4.37139
 -4.53845
 -4.73912
 -4.16375
 -4.45144
 -4.22829
 -5.14458
 -2.96605
 -4.22829
 -4.22829
 -4.53845
 -4.73912
 -4.22829
 -1.34163
 -4.45144
 -1.6946
 -4.29729
  -3.60414
 -4.53845
 -4.37139
 -4.37139
 -3.35282
 -4.37139
 -4.45144
 -4.45144
 -3.0862
 -4.45144
 -4.45144
 -4.99043
 -4.53845
 -3.80085
 -4.53845
 -4.53845
 -4.16375
 -4.73912
 -4.53845
 -4.29729
 -2.56689
 -4.73912
 -4.04597
 -4.53845
 -3.56905
 -4.63376
 -4.63376
 -4.63376
 -4.63376
 -4.63376
 -4.63376
 -4.73912
 -4.73912
 -3.19867
 -4.73912
 -4.73912
 -4.73912
 -4.73912
 -4.73912
 -4.73912
 -4.73912
 -4.73912
 -4.73912
 -4.73912
 -3.50236
 -4.73912
 -4.8569
 -4.8569
 -4.99043
 -4.8569
 -4.10313
 -4.8569
 -4.99043
 -2.68785
 -4.8569
 -4.99043
 -4.8569
 -3.40998
 -4.8569
 -4.73912
 -3.32542
 -4.99043
 -4.8569
 -4.8569
 -4.8569
 -4.63376
 -4.8569
 -4.8569
 -4.8569
 -4.99043
 -4.8569
 -4.8569
 -4.99043
 -4.8569
 -4.8569
 -4.99043
 -4.99043
 -4.8569
 -4.99043
 -4.22829
 -4.99043
 -4.99043
 -4.99043
 -4.99043
 -3.50236
 -4.99043
 -4.99043
 -4.99043
 -2.71684
 -4.99043
 -4.99043
 -4.99043
 -4.99043
 -4.99043
 -4.99043
 -3.94061
 -5.14458
 -5.14458
 -5.14458
 -5.14458
 -5.14458
 -5.14458
